1 0.034784
2 0.026944
3 0.022752
4 0.021504
5 0.020512
6 0.020448
7 0.019584
8 0.019488
9 0.018656
10 0.01948
11 0.01897
12 0.01955
13 0.01888
14 0.01875
15 0.01852
16 0.01939
17 0.01859
18 0.01865
19 0.01952
20 0.01865
21 0.01955
22 0.02041
23 0.02064
24 0.02060
25 0.01939
26 0.01968
27 0.02060
28 0.02060
29 0.02083
30 0.02140
31 0.0224
32 0.02243
33 0.01734
34 0.01859
35 0.01750
36 0.01849
37 0.01836
38 0.01932
39 0.01936
40 0.02038
41 0.01939
42 0.02067
43 0.02086
44 0.02086
45 0.02048
46 0.02163
47 0.02156
48 0.02153
49 0.01862
