1 0.015072
1 0.0144
1 0.014592
1 0.014112
1 0.014592
1 0.014592
1 0.014368
1 0.014272
1 0.014464
1 0.0144
1 0.014432
1 0.01456
1 0.01472
1 0.014304
1 0.014432
1 0.014464
1 0.014432
1 0.014304
1 0.014688
1 0.014432
1 0.014624
1 0.014368
1 0.014656
1 0.014272
1 0.014336
1 0.01424
1 0.014592
1 0.014432
1 0.014464
1 0.014272
1 0.01456
1 0.014368
1 0.014464
1 0.0144
1 0.014624
1 0.0144
1 0.014496
1 0.014688
1 0.0144
1 0.014464
1 0.014496
1 0.014528
1 0.014464
1 0.014496
1 0.014496
1 0.01424
1 0.014304
1 0.0144
1 0.01456
1 0.014496
1 0.01472
1 0.014176
1 0.014496
1 0.014272
1 0.014496
1 0.01424
1 0.01456
1 0.014304
1 0.01472
1 0.014304
1 0.014368
1 0.014272
1 0.014496
1 0.014368
