
1 0.036544
2 0.026528
3 0.023008
4 0.028128
5 0.031104
6 0.03632
7 0.04032
8 0.047136
9 0.046656
10 0.04694
11 0.04563
12 0.04803
13 0.04550
14 0.04668
15 0.04742
16 0.04803
17 0.04956
18 0.05209
19 0.05254
20 0.05094
21 0.05011
22 0.04873
23 0.04796
24 0.05078
25 0.04544
26 0.04566
27 0.04576
28 0.04636
29 0.04883
30 0.04774
31 0.04646
32 0.04566
33 0.04771
34 0.04633
35 0.04675
36 0.04729
37 0.05142
38 0.05366
39 0.04940
40 0.05100
41 0.05702
42 0.05177
43 0.05497
44 0.05094
45 0.04956
46 0.04857
47 0.05017
48 0.04643
49 0.04902
