1 0.020832
2 0.018688
3 0.01776
4 0.017024
5 0.015712
6 0.015008
7 0.015168
8 0.015712
9 0.015968
10 0.016768
11 0.016832
12 0.013792
13 0.014112
14 0.014912
15 0.014976
16 0.01472
17 0.014912
18 0.015584
19 0.015808
20 0.015712
21 0.016576
22 0.01648
23 0.016512
24 0.016896
25 0.017696
26 0.017024
27 0.017696
28 0.01872
29 0.018464
30 0.01856
31 0.019552
32 0.01936
33 0.020224
34 0.020192
35 0.021824
36 0.023552
37 0.02368
38 0.022944
39 0.023776
40 0.024544
41 0.02496
42 0.025504
43 0.025632
44 0.025312
45 0.026144
46 0.026336
47 0.027904
48 0.02656
49 0.025792
50 0.02592
51 0.02656
52 0.026784
53 0.02656
54 0.028288
55 0.029344
56 0.029152
57 0.028032
58 0.028096
59 0.028
60 0.027808
61 0.028192
62 0.028864
63 0.029056
64 0.028896
